0
0
0
5
45.264987
3.244078
false
0
0
0
10357
0
0
0
15
5.135001
37.595764
false
0
43
3
574636
0
0
0
14
73.422334
10.083297
false
0
7
1
122350
0
0
0
0
0.000000
100.000000
true
0
0
0
81
0
0
0
19
56.385246
23.137931
false
0
4
4
430766
0
0
0
4
1.215612
4.070903
false
0
0
2
84490
0
0
0
5
35.622870
3.688003
false
0
0
0
13203
0
0
0
61
68.421760
41.001057
false
0
10
0
230498
0
0
0
12
7.470967
3.417468
false
0
7
4
210740
3
0
0
27
4.931862
53.479166
false
0
79
9
250295
0
0
0
5
49.231877
2.741636
false
0
0
0
11946
0
0
0
116
54.203462
22.421267
false
0
54
12
426868
0
0
0
21
46.580322
76.051841
false
0
8
4
59864
0
0
0
8
83.592004
20.000000
false
0
2
2
15653
0
0
0
3
33.721834
39.102564
false
0
3
0
6417
7
0
0
6
1.564347
74.488208
false
0
52
5
321405
0
0
0
9
21.149752
98.203593
false
0
0
4
9863
0
0
0
24
15.396913
90.378833
false
0
9
9
56230
0
0
0
18
42.797414
43.413106
false
0
111
4
273585
0
0
0
0
0.000000
12.612261
false
0
63
0
17711
0
0
0
112
23.304315
40.238524
false
0
148
14
552575
0
0
0
5
45.378788
3.054582
false
0
0
0
10550
0
1
0
16
15.652529
10.647074
false
0
25
2
141902
0
0
0
19
24.518545
7.352816
false
0
2
2
106638
0
0
0
5
44.724727
3.220859
false
0
0
0
10424
0
0
0
10
8.913365
46.714008
false
0
12
3
184108
0
0
0
5
45.087636
3.224206
false
0
0
0
10539
0
0
0
5
17.305370
35.498265
false
0
21
1
43044
0
0
0
10
65.516163
2.183498
false
0
0
0
137495
0
0
0
5
42.351946
2.768313
false
0
0
0
11010
0
0
0
26
4.402806
56.734694
false
0
32
22
40682
0
0
0
4
3.670743
16.225750
false
0
7
2
44155
0
0
0
16
20.997862
52.509490
false
0
4
3
52841
1
0
0
20
10.516419
72.653859
false
0
15
11
95185
2
0
2
27
21.117326
15.643939
false
0
15
13
71510
0
0
0
159
19.163884
2.375215
false
0
13
2
530044
0
0
0
60
64.768114
35.552678
false
0
10
0
231989
0
0
0
5
43.199854
3.341523
false
0
0
0
10937
0
0
0
16
19.673883
5.068182
false
0
6
3
54531
8
0
4
97
14.070986
68.743634
false
0
71
11
171150
1
0
1
15
4.371812
70.721459
false
0
10
3
221142
0
0
0
5
45.012836
3.292806
false
0
0
0
10513
0
0
0
9
3.105674
68.422504
false
0
2
6
37189
0
0
0
7
5.660005
91.618280
false
0
5
4
86060
0
0
0
5
40.475382
3.501094
false
0
0
0
11746
0
0
0
9
64.227682
27.612464
false
0
6
6
81616
0
0
0
6
23.459788
40.633484
false
0
3
3
3295
0
0
0
5
41.687170
2.829392
false
0
0
0
11056
0
0
0
1
1.299937
24.414716
false
0
0
0
3154
0
0
0
17
11.057913
50.607287
false
0
39
4
56595
0
0
0
7
3.661272
75.350062
false
0
4
4
16235
0
0
0
21
3.806629
80.214772
false
0
11
8
125091
0
0
0
22
16.646597
5.456861
false
0
32
2
128927
0
0
0
3
0.000000
50.255770
false
0
30
3
94560
0
0
0
5
44.557248
2.820268
false
0
0
0
10342
0
0
0
13
78.684041
51.107572
false
0
4
4
119157
0
0
0
3
0.441562
51.609675
false
0
43
2
94396
0
0
0
5
42.643962
3.230209
false
0
0
0
10919
0
0
0
5
41.029001
3.319328
false
0
0
0
11410
2
0
0
26
27.935416
71.584818
false
0
86
15
307318
0
0
0
7
42.913494
12.132450
false
0
19
1
54505
1
0
0
3
3.721558
83.373509
false
0
6
2
35838
0
0
0
6
3.960678
43.879173
false
0
26
4
14038
1
0
0
30
14.952670
89.538081
false
0
77
9
136907
0
0
0
10
68.105263
81.529461
false
0
0
2
39899
0
0
0
58
65.690120
45.656615
false
0
11
0
196026
0
0
0
21
40.870383
86.004095
false
0
8
12
39339
0
0
0
56
24.888327
78.933680
false
0
21
6
179188
5
0
0
23
33.042105
43.318934
false
0
44
6
145829
0
0
0
82
47.058592
3.168980
false
0
24
4
246338
3
0
3
49
43.576685
26.745771
false
0
27
11
392957
0
0
0
19
11.331754
65.374079
false
0
66
4
213377
0
0
0
12
20.831639
10.237755
false
0
7
6
17213
0
0
0
1
2.384927
72.611940
false
0
0
0
12579
0
0
0
9
1.499042
78.015005
false
0
76
5
83985
0
0
0
5
43.335480
3.236881
false
0
0
0
10803
0
0
0
12
20.412344
65.310758
false
0
2
10
21518
0
0
0
23
16.301069
44.915715
false
0
75
2
58617
0
0
0
23
12.954907
77.362857
false
0
29
5
194239
0
0
1
11
59.585895
76.030237
false
2
31
4
176054
2
1
0
9
7.876483
5.062718
false
0
29
2
596140
0
0
0
7
6.022936
45.063431
false
0
6
3
10545
0
0
0
5
44.664751
3.209373
false
0
0
0
10438
0
0
0
15
29.077239
80.775952
false
0
7
6
51190
0
0
0
21
44.002209
27.646218
false
0
59
5
360332
0
0
0
9
49.780998
57.139001
false
0
3
2
42231
0
0
0
20
23.145606
16.143384
false
0
1
2
36060
0
0
0
5
40.357599
3.270609
false
0
0
0
11745
0
0
0
3
12.469107
49.770206
false
0
1
1
20931
0
0
0
73
11.659674
24.406011
false
0
73
17
231895
1
0
0
16
1.200201
29.230275
false
0
136
7
340899
0
0
0
5
40.431617
3.391343
false
0
0
0
11536
0
0
0
31
50.417406
22.193548
false
0
9
12
23017
0
0
0
19
3.929585
56.400798
false
0
45
13
87511
2
0
1
14
17.576617
70.789015
false
0
1
6
71202
0
0
0
17
9.828733
42.709460
false
0
25
11
69247
